bag start_utc pre_n pre_total drive_total pre_core_mean drive_core_mean drive_core_p95 drive_core_max
cam_1 1791375214 32 44.9 44.9 55.1 55.1 63.5 63.5
cam_10 1791379360 21 44.9 44.9 55.1 55.1 63.5 63.5
cam_11 1791379732 23 44.9 44.9 55.1 55.1 63.5 63.5
cam_12 1791379981 24 44.9 44.9 55.1 55.1 63.5 63.5
cam_13 1791384903 23 44.9 44.9 55.1 55.1 63.5 63.5
cam_14 1791385490 45 44.9 44.9 55.1 55.1 63.5 63.5
cam_15 1791385644 35 44.9 44.9 55.1 55.1 63.5 63.5
cam_16 1791386112 31 44.9 44.9 55.1 55.1 63.5 63.5
cam_17 1791386605 25 44.9 44.9 55.1 55.1 63.5 63.5
cam_18 1791387532 57 44.9 44.9 55.1 55.1 63.5 63.5
cam_19 1791387699 33 44.9 44.9 55.1 55.1 63.5 63.5
cam_2 1791375759 53 44.9 44.9 55.1 55.1 63.5 63.5
cam_20 1791388251 53 44.9 44.9 55.1 55.1 63.5 63.5
cam_21 1791388520 37 44.9 44.9 55.1 55.1 63.5 63.5
cam_22 1791388635 32 44.9 44.9 55.1 55.1 63.5 63.5
cam_23 1791388880 37 44.9 44.9 55.1 55.1 63.5 63.5
cam_24 1791389602 30 44.9 44.9 55.1 55.1 63.5 63.5
cam_25 1791390099 31 44.9 44.9 55.1 55.1 63.5 63.5
cam_26 1791390605 53 44.9 44.9 55.1 55.1 63.5 63.5
cam_27 1791391357 52 44.9 44.9 55.1 55.1 63.5 63.5
cam_28 1791391491 29 44.9 44.9 55.1 55.1 63.5 63.5
cam_29 1791391720 34 44.9 44.9 55.1 55.1 63.5 63.5
cam_3 1791375925 17 44.9 44.9 55.1 55.1 63.5 63.5
cam_30 1791396788 34 44.9 44.9 55.1 55.1 63.5 63.5
cam_31 1791397084 108 44.9 44.9 55.1 55.1 63.5 63.5
cam_32 1791397453 43 44.9 44.9 55.1 55.1 63.5 63.5
cam_33 1791397734 50 44.9 44.9 55.1 55.1 63.5 63.5
cam_34 1791446472 81 45.0 45.0 59.2 59.2 63.0 63.0
cam_35 1791446681 74 45.0 45.0 59.2 59.2 63.0 63.0
cam_36 1791446904 38 45.0 45.0 59.2 59.2 63.0 63.0
cam_37 1791447403 30 45.0 45.0 59.2 59.2 63.0 63.0
cam_38 1791447664 21 45.0 45.0 59.2 59.2 63.0 63.0
cam_39 1791447817 26 45.0 45.0 59.2 59.2 63.0 63.0
cam_4 1791376696 27 44.9 44.9 55.1 55.1 63.5 63.5
cam_40 1791447995 34 45.0 45.0 59.2 59.2 63.0 63.0
cam_41 1791448271 19 45.0 45.0 59.2 59.2 63.0 63.0
cam_42 1791448864 26 45.0 45.0 59.2 59.2 63.0 63.0
cam_43 1791448984 41 45.0 45.0 59.2 59.2 63.0 63.0
cam_44 1791450058 20 45.0 45.0 59.2 59.2 63.0 63.0
cam_45 1791452691 34 45.0 45.0 59.2 59.2 63.0 63.0
cam_46 1791456804 137 53.0 53.0 57.8 57.8 66.7 66.7
cam_47 1791457070 44 53.0 53.0 57.8 57.8 66.7 66.7
cam_48 1791458217 25 53.0 53.0 57.8 57.8 66.7 66.7
cam_49 1791458695 13 53.0 53.0 57.8 57.8 66.7 66.7
cam_5 1791377224 20 44.9 44.9 55.1 55.1 63.5 63.5
cam_50 1791459698 15 55.9 57.4 68.6 69.0 77.6 82.0
cam_51 1791460744 31 59.5 59.8 69.6 72.4 80.3 84.8
cam_53 1791464952 32 58.2 58.2 60.0 60.0 67.3 67.3
cam_54 1791465099 48 58.2 58.2 60.0 60.0 67.3 67.3
cam_55 1791465760 21 45.4 45.4 58.5 58.5 76.7 76.7
cam_56 1791465872 60 45.4 45.4 58.5 58.5 76.7 76.7
cam_57 1791466024 28 45.4 45.4 58.5 58.5 76.7 76.7
cam_58 1791468640 36 45.4 45.4 58.5 58.5 76.7 76.7
cam_59 1791468779 66 45.4 45.4 58.5 58.5 76.7 76.7
cam_6 1791377928 30 44.9 44.9 55.1 55.1 63.5 63.5
cam_60 1791468947 49 45.4 45.4 58.5 58.5 76.7 76.7
cam_61 1791469223 25 45.4 45.4 58.5 58.5 76.7 76.7
cam_62 1791469345 28 45.4 45.4 58.5 58.5 76.7 76.7
cam_63 1791469471 28 45.4 45.4 58.5 58.5 76.7 76.7
cam_64 1791470150 43 45.4 45.4 58.5 58.5 76.7 76.7
cam_65 1791470284 32 45.4 45.4 58.5 58.5 76.7 76.7
cam_66 1791470593 27 45.4 45.4 58.5 58.5 76.7 76.7
cam_67 1791471010 27 45.4 45.4 58.5 58.5 76.7 76.7
cam_7 1791378881 22 44.9 44.9 55.1 55.1 63.5 63.5
cam_8 1791379052 27 44.9 44.9 55.1 55.1 63.5 63.5
cam_9 1791379171 25 44.9 44.9 55.1 55.1 63.5 63.5
cw_pos1 1789115345 17 57.5 58.6 79.5 97.0 100.0 100.0
cw_pos1_1 1789118277 219 83.4 nan 84.3 nan nan nan
cw_pos1_10 1789130829 4 66.5 66.8 62.1 82.6 92.8 99.0
cw_pos1_11 1789131373 9 66.5 66.3 60.8 80.1 93.9 100.0
cw_pos1_12 1789131948 10 46.8 54.9 66.9 81.5 91.8 98.0
cw_pos1_13 1789200761 22 40.3 49.5 65.1 83.0 91.8 99.0
cw_pos1_14 1789202227 13 41.7 42.2 64.3 87.1 94.0 99.0
cw_pos1_15 1789202669 11 45.3 44.8 63.1 87.2 95.0 98.0
cw_pos1_16 1789386536 21 34.7 38.4 62.5 79.9 91.9 96.0
cw_pos1_17 1789386727 12 39.0 43.6 50.6 81.9 96.0 100.0
cw_pos1_18 1789387575 8 39.9 41.0 54.6 80.6 91.9 100.0
cw_pos1_19 1789390412 11 36.3 36.8 61.3 83.4 93.0 98.0
cw_pos1_2 1789119380 12 58.3 62.8 65.3 94.0 99.0 100.0
cw_pos1_20 1789392228 10 35.9 36.3 65.0 84.9 94.0 100.0
cw_pos1_21 1789393942 8 35.8 35.9 60.0 86.4 95.5 98.0
cw_pos1_22 1789397351 21 35.5 35.7 64.8 87.0 94.6 100.0
cw_pos1_3 1789121906 14 52.8 62.0 76.9 93.4 99.0 100.0
cw_pos1_4 1789123421 16 54.2 56.6 70.1 92.0 97.1 99.0
cw_pos1_5 1789126425 11 52.8 55.0 63.6 85.4 94.0 98.0
cw_pos1_7 1789129323 8 50.6 53.0 59.0 78.7 90.8 99.0
cw_pos1_8 1789130089 30 46.1 60.2 56.6 79.0 92.9 100.0
cw_pos1_9 1789130578 8 64.4 65.7 62.4 81.8 93.9 99.0
obstacle_test_1 1791043564 45 36.6 37.4 46.2 47.0 54.3 91.1
obstacle_test_2 1791043866 48 37.2 nan 60.4 nan nan nan
obstacle_test_3 1791043917 19 39.2 41.4 64.1 58.6 76.4 92.0
only_parken_1 1791137505 52 34.3 34.3 24.3 24.3 29.3 29.3
only_parken_10 1791143262 34 34.3 nan 24.3 nan nan nan
only_parken_100 1791301757 37 35.8 nan 41.4 nan nan nan
only_parken_101 1791301835 75 35.8 36.2 44.4 46.3 56.2 61.0
only_parken_102 1791302028 49 36.4 36.5 47.4 46.7 59.5 59.8
only_parken_103 1791302169 30 36.5 36.8 49.0 50.7 61.1 64.7
only_parken_104 1791302243 36 37.1 37.3 49.0 47.2 59.3 68.9
only_parken_105 1791302329 28 37.5 37.7 50.9 51.0 61.8 64.5
only_parken_106 1791302413 30 38.0 38.2 51.1 51.6 60.3 68.3
only_parken_107 1791302494 31 38.5 38.6 51.8 49.9 61.3 63.5
only_parken_108 1791302594 33 38.8 39.1 54.4 55.3 66.0 70.5
only_parken_109 1791302690 34 39.4 39.5 48.6 46.8 58.4 63.1
only_parken_11 1791143529 19 34.3 34.3 24.3 24.3 29.3 29.3
only_parken_110 1791302767 27 39.6 39.7 50.8 46.6 59.3 71.1
only_parken_111 1791302847 21 39.8 40.0 52.6 51.0 61.6 68.9
only_parken_112 1791302914 30 40.1 40.3 55.8 52.0 61.9 65.3
only_parken_113 1791302982 27 40.4 40.5 51.1 49.3 61.1 71.7
only_parken_114 1791303057 40 40.6 40.8 49.1 45.9 56.2 60.0
only_parken_115 1791303200 34 40.7 40.8 47.9 47.5 57.5 62.3
only_parken_116 1791303293 27 40.8 40.9 52.7 49.5 60.7 63.3
only_parken_117 1791303371 30 41.0 41.0 46.3 42.4 52.5 56.6
only_parken_118 1791303460 28 41.0 41.0 44.3 46.3 56.9 61.6
only_parken_119 1791303805 38 40.4 40.4 45.0 44.0 54.2 65.1
only_parken_12 1791143844 15 34.3 34.3 24.3 24.3 29.3 29.3
only_parken_13 1791144185 21 34.3 34.3 24.3 24.3 29.3 29.3
only_parken_14 1791144294 19 34.3 34.3 24.3 24.3 29.3 29.3
only_parken_15 1791144372 17 34.3 34.3 24.3 24.3 29.3 29.3
only_parken_16 1791144437 19 34.3 34.3 24.3 24.3 29.3 29.3
only_parken_17 1791144521 20 34.3 34.3 24.3 24.3 29.3 29.3
only_parken_18 1791144591 20 34.3 34.3 24.3 24.3 29.3 29.3
only_parken_19 1791144654 20 34.3 34.3 24.3 24.3 29.3 29.3
only_parken_2 1791138824 28 34.3 34.3 24.3 24.3 29.3 29.3
only_parken_20 1791144779 20 34.3 34.3 24.3 24.3 29.3 29.3
only_parken_21 1791204709 54 24.5 nan 31.4 nan nan nan
only_parken_22 1791205446 60 26.0 26.9 38.5 42.3 52.4 59.6
only_parken_23 1791205772 33 27.1 28.4 43.1 46.2 54.7 60.7
only_parken_24 1791205855 20 29.3 29.4 40.8 40.3 53.2 57.1
only_parken_25 1791206006 14 29.3 29.6 44.3 45.1 55.0 60.4
only_parken_26 1791206074 14 29.8 30.5 50.3 56.3 67.0 71.4
only_parken_27 1791206147 15 31.5 31.0 50.5 53.3 64.7 68.4
only_parken_28 1791206215 16 31.4 31.5 45.8 46.0 56.7 61.2
only_parken_29 1791206283 12 31.6 31.4 42.4 36.3 46.1 52.7
only_parken_3 1791139843 34 34.3 34.3 24.3 24.3 29.3 29.3
only_parken_30 1791206384 17 30.7 31.6 43.8 48.7 60.0 68.6
only_parken_31 1791206450 17 31.9 31.1 40.7 38.7 47.8 52.7
only_parken_32 1791206609 127 30.4 nan 41.3 nan nan nan
only_parken_33 1791208674 42 28.7 28.8 38.0 36.9 44.7 52.5
only_parken_34 1791208941 42 28.7 28.9 39.8 38.7 46.6 51.1
only_parken_35 1791209065 20 28.8 28.9 40.9 38.4 46.7 71.4
only_parken_36 1791209205 20 28.8 29.0 42.5 41.5 47.4 55.7
only_parken_37 1791209321 18 28.9 30.4 43.0 40.8 47.9 67.7
only_parken_38 1791214588 30 34.2 34.2 30.9 30.9 32.3 32.3
only_parken_39 1791215322 14 34.2 34.2 30.9 30.9 32.3 32.3
only_parken_4 1791140253 22 34.3 34.3 24.3 24.3 29.3 29.3
only_parken_40 1791215477 18 34.2 34.2 30.9 30.9 32.3 32.3
only_parken_41 1791222815 21 36.7 36.7 30.1 30.1 34.7 34.7
only_parken_42 1791222980 19 36.7 36.7 30.1 30.1 34.7 34.7
only_parken_44 1791224904 83 40.4 40.4 44.3 44.3 49.0 49.0
only_parken_45 1791225223 29 40.4 40.4 44.3 44.3 49.0 49.0
only_parken_46 1791225356 23 40.4 40.4 44.3 44.3 49.0 49.0
only_parken_47 1791225434 23 40.4 40.4 44.3 44.3 49.0 49.0
only_parken_48 1791225531 36 40.4 40.4 44.3 44.3 49.0 49.0
only_parken_49 1791225963 29 40.4 40.4 44.3 44.3 49.0 49.0
only_parken_5 1791141353 56 34.3 nan 24.3 nan nan nan
only_parken_50 1791226064 44 40.4 40.4 44.3 44.3 49.0 49.0
only_parken_51 1791226425 30 40.4 40.4 44.3 44.3 49.0 49.0
only_parken_52 1791226528 59 40.4 40.4 44.3 44.3 49.0 49.0
only_parken_53 1791226730 20 40.4 40.4 44.3 44.3 49.0 49.0
only_parken_54 1791226832 52 40.4 40.4 44.3 44.3 49.0 49.0
only_parken_55 1791288377 43 33.1 33.1 28.4 28.4 32.4 32.4
only_parken_56 1791288965 52 33.1 33.1 28.4 28.4 32.4 32.4
only_parken_57 1791289893 132 33.1 nan 28.4 nan nan nan
only_parken_58 1791290445 36 33.1 33.1 28.4 28.4 32.4 32.4
only_parken_59 1791290798 86 33.1 33.1 28.4 28.4 32.4 32.4
only_parken_6 1791141782 21 34.3 34.3 24.3 24.3 29.3 29.3
only_parken_60 1791291645 24 33.1 33.1 28.4 28.4 32.4 32.4
only_parken_61 1791291748 30 33.1 33.1 28.4 28.4 32.4 32.4
only_parken_62 1791291879 25 33.1 33.1 28.4 28.4 32.4 32.4
only_parken_63 1791291981 30 33.1 33.1 28.4 28.4 32.4 32.4
only_parken_64 1791292093 32 33.1 33.1 28.4 28.4 32.4 32.4
only_parken_65 1791292191 25 33.1 33.1 28.4 28.4 32.4 32.4
only_parken_66 1791292586 76 33.1 33.1 28.4 28.4 32.4 32.4
only_parken_67 1791292735 33 33.1 33.1 28.4 28.4 32.4 32.4
only_parken_68 1791293315 30 33.1 33.1 28.4 28.4 32.4 32.4
only_parken_69 1791293427 47 33.1 33.1 28.4 28.4 32.4 32.4
only_parken_7 1791141891 19 34.3 34.3 24.3 24.3 29.3 29.3
only_parken_70 1791293530 31 33.1 33.1 28.4 28.4 32.4 32.4
only_parken_71 1791293717 27 33.1 33.1 28.4 28.4 32.4 32.4
only_parken_72 1791293813 38 33.1 33.1 28.4 28.4 32.4 32.4
only_parken_73 1791293945 25 33.1 33.1 28.4 28.4 32.4 32.4
only_parken_74 1791294026 29 33.1 33.1 28.4 28.4 32.4 32.4
only_parken_75 1791294108 24 33.1 33.1 28.4 28.4 32.4 32.4
only_parken_76 1791294186 20 33.1 33.1 28.4 28.4 32.4 32.4
only_parken_77 1791294293 21 33.1 33.1 28.4 28.4 32.4 32.4
only_parken_78 1791294371 43 33.1 33.1 28.4 28.4 32.4 32.4
only_parken_79 1791294466 24 33.1 33.1 28.4 28.4 32.4 32.4
only_parken_8 1791142419 19 34.3 34.3 24.3 24.3 29.3 29.3
only_parken_80 1791294591 24 33.1 33.1 28.4 28.4 32.4 32.4
only_parken_81 1791294837 22 33.1 33.1 28.4 28.4 32.4 32.4
only_parken_82 1791294917 23 33.1 33.1 28.4 28.4 32.4 32.4
only_parken_83 1791296452 177 39.6 nan 40.2 nan nan nan
only_parken_84 1791297065 37 39.6 39.6 40.2 40.2 45.0 45.0
only_parken_85 1791297867 61 39.6 39.6 40.2 40.2 45.0 45.0
only_parken_86 1791298505 43 39.6 39.6 40.2 40.2 45.0 45.0
only_parken_87 1791298605 42 39.6 39.6 40.2 40.2 45.0 45.0
only_parken_88 1791299091 54 39.6 nan 40.2 nan nan nan
only_parken_89 1791299379 24 39.6 39.6 40.2 40.2 45.0 45.0
only_parken_9 1791142902 17 34.3 34.3 24.3 24.3 29.3 29.3
only_parken_90 1791299659 12 39.6 39.6 40.2 40.2 45.0 45.0
only_parken_91 1791299719 36 39.6 39.6 40.2 40.2 45.0 45.0
only_parken_92 1791299839 31 39.6 39.6 40.2 40.2 45.0 45.0
only_parken_93 1791299950 29 39.6 39.6 40.2 40.2 45.0 45.0
only_parken_94 1791300581 39 31.4 33.0 42.1 42.4 50.9 57.5
only_parken_95 1791300831 49 34.4 35.2 43.4 43.7 54.2 58.3
only_parken_96 1791301202 47 33.4 33.9 43.9 45.7 56.5 67.3
only_parken_97 1791301320 28 34.3 34.6 45.3 45.8 56.0 59.2
only_parken_98 1791301420 29 35.0 35.4 42.9 40.3 52.0 62.4
only_parken_99 1791301668 28 35.4 35.6 42.6 41.3 52.0 61.4
open_test_1 1791027847 16 29.8 30.3 50.9 46.7 58.0 62.5
open_test_10 1791031599 27 30.1 30.5 41.3 40.4 48.4 52.9
open_test_11 1791034514 71 36.2 nan 38.6 nan nan nan
open_test_12 1791035825 36 33.9 34.6 37.3 41.5 50.4 95.0
open_test_13 1791035922 13 34.8 35.4 44.3 46.7 53.6 55.6
open_test_14 1791036725 27 34.9 36.1 42.2 41.9 48.0 51.6
open_test_15 1791036918 17 35.3 37.0 49.8 47.8 52.2 78.4
open_test_2 1791028844 17 31.5 31.3 50.2 51.9 63.3 65.5
open_test_3 1791029618 15 25.2 27.2 35.5 32.7 42.5 45.7
open_test_4 1791030265 32 29.2 31.6 39.1 40.5 50.0 54.1
open_test_5 1791030426 20 30.2 30.9 38.8 41.6 50.5 54.1
open_test_6 1791030703 56 30.3 30.6 39.7 37.8 46.2 51.4
open_test_7 1791031066 23 27.7 27.9 37.3 34.2 44.0 49.0
open_test_8 1791031290 17 28.1 28.8 38.8 41.9 49.5 53.6
open_test_9 1791031415 31 29.3 29.9 40.7 41.2 50.0 53.2
parken_test_1 1790002349 30 71.7 71.8 73.7 93.3 100.0 100.0
parken_test_10 1790425177 44 73.2 nan 98.1 nan nan nan
parken_test_11 1790425756 49 61.1 nan 80.6 nan nan nan
parken_test_12 1790425886 48 59.1 nan 84.3 nan nan nan
parken_test_13 1790426056 42 54.9 nan 78.8 nan nan nan
parken_test_14 1790431366 18 52.6 56.3 89.4 97.5 100.0 100.0
parken_test_15 1790431903 23 62.7 63.6 75.9 85.5 94.9 99.0
parken_test_16 1790432352 21 65.8 66.5 79.6 90.3 97.0 100.0
parken_test_17 1790439033 13 61.1 nan 85.3 nan nan nan
parken_test_18 1790441813 27 63.7 63.7 83.5 87.0 94.9 98.0
parken_test_19 1790442529 24 64.2 64.3 84.7 87.3 96.0 99.0
parken_test_2 1790073531 17 34.7 36.2 85.2 86.6 98.0 100.0
parken_test_20 1790442975 27 64.6 64.6 84.5 89.5 96.0 99.0
parken_test_21 1790444762 25 64.2 64.3 82.1 89.7 96.0 99.0
parken_test_22 1790586942 18 56.7 57.9 68.9 75.9 87.3 91.2
parken_test_23 1790588313 25 59.0 59.4 71.9 76.1 86.6 90.0
parken_test_24 1790589275 22 60.8 61.2 77.9 81.1 90.8 94.8
parken_test_25 1790591659 20 57.4 57.5 65.7 72.5 84.0 89.2
parken_test_26 1790591881 25 57.5 57.7 73.0 80.6 89.0 94.0
parken_test_27 1790597068 38 63.1 63.3 80.2 86.4 95.0 99.0
parken_test_28 1790597598 23 63.9 64.2 83.4 86.0 93.9 97.0
parken_test_29 1790598310 23 64.4 64.7 80.6 86.3 94.6 99.0
parken_test_3 1790085047 17 36.8 36.7 85.7 93.3 99.0 100.0
parken_test_30 1790598806 26 65.0 65.4 86.3 91.1 98.0 100.0
parken_test_31 1790599492 22 65.7 65.8 87.8 92.4 98.0 100.0
parken_test_32 1790600349 20 66.1 66.2 84.7 91.9 97.0 100.0
parken_test_33 1790600468 31 66.5 66.5 88.3 92.3 98.0 100.0
parken_test_34 1790600623 25 66.5 66.8 86.3 93.0 98.0 100.0
parken_test_35 1790601328 25 67.1 67.0 86.5 92.1 97.9 100.0
parken_test_36 1790602186 22 67.5 67.5 90.1 93.1 98.0 99.0
parken_test_37 1790602325 25 67.7 nan 88.4 nan nan nan
parken_test_38 1790603096 29 63.8 67.4 81.5 88.5 96.0 100.0
parken_test_39 1790603213 34 69.6 71.7 78.7 83.5 93.1 99.0
parken_test_4 1790089635 20 42.4 42.5 83.8 93.1 99.0 100.0
parken_test_40 1790603387 26 73.1 74.5 82.4 84.9 94.1 99.0
parken_test_41 1790603558 29 75.3 76.4 87.3 91.6 97.3 100.0
parken_test_42 1790603676 25 76.7 77.5 85.1 92.8 98.0 100.0
parken_test_43 1790604621 23 73.9 74.4 88.7 91.6 98.0 100.0
parken_test_44 1790604762 24 74.7 75.0 88.1 92.3 98.0 100.0
parken_test_45 1790604881 42 75.4 75.8 82.2 91.0 97.0 100.0
parken_test_46 1790605526 77 74.9 75.4 88.8 91.9 98.0 99.0
parken_test_47 1790605992 27 74.6 74.9 84.7 91.5 98.0 100.0
parken_test_48 1790606277 23 75.0 75.2 89.2 91.7 98.0 100.0
parken_test_49 1790670222 20 47.8 48.7 53.9 53.1 64.6 67.7
parken_test_5 1790415862 18 19.4 20.9 70.4 78.2 92.2 100.0
parken_test_6 1790416175 17 24.3 26.8 76.2 80.1 91.8 99.0
parken_test_7 1790416436 23 27.9 29.8 78.1 81.0 94.9 99.0
parken_test_8 1790419552 21 42.9 43.9 69.2 80.1 92.1 100.0
parken_test_9 1790422225 22 47.9 47.9 90.6 96.5 100.0 100.0
sim_1 1791364476 30 38.4 38.4 36.7 36.7 41.4 41.4
sim_10 1791370469 27 44.9 44.9 55.1 55.1 63.5 63.5
sim_11 1791370651 35 44.9 44.9 55.1 55.1 63.5 63.5
sim_12 1791371061 22 44.9 44.9 55.1 55.1 63.5 63.5
sim_13 1791371880 13 44.9 44.9 55.1 55.1 63.5 63.5
sim_14 1791372100 19 44.9 44.9 55.1 55.1 63.5 63.5
sim_15 1791373112 22 44.9 44.9 55.1 55.1 63.5 63.5
sim_16 1791373220 18 44.9 44.9 55.1 55.1 63.5 63.5
sim_17 1791373778 27 44.9 44.9 55.1 55.1 63.5 63.5
sim_18 1791374155 26 44.9 44.9 55.1 55.1 63.5 63.5
sim_19 1791374732 32 44.9 44.9 55.1 55.1 63.5 63.5
sim_2 1791365488 67 38.4 38.4 36.7 36.7 41.4 41.4
sim_3 1791365609 50 38.4 38.4 36.7 36.7 41.4 41.4
sim_4 1791367289 59 38.4 38.4 36.7 36.7 41.4 41.4
sim_5 1791367861 68 38.4 38.4 36.7 36.7 41.4 41.4
sim_6 1791368942 74 45.0 45.0 57.9 57.9 63.0 63.0
sim_7 1791369244 36 45.0 45.0 57.9 57.9 63.0 63.0
sim_9 1791370315 50 44.9 44.9 55.1 55.1 63.5 63.5
video_bag_1 1790957350 28 35.8 38.8 54.9 52.1 60.0 65.4
video_bag_2 1790958202 62 36.3 37.3 45.7 45.0 55.2 60.0
